-0.002218 137 325
-0.002533 322 325
-0.002767 308 325
-0.002864 315 325
-0.003280 307 325
-0.004192 190 325
-0.004210 319 325
-0.004527 137 289
-0.004990 69 325
-0.005016 278 325
-0.005197 289 315
-0.005261 234 325
-0.005346 34 325
-0.005440 289 322
-0.005611 295 325
-0.005666 325 327
-0.005784 289 319
-0.005921 165 325
-0.005976 270 325
-0.006146 46 325
-0.006436 282 325
-0.006460 129 137
-0.006610 44 325
-0.006648 137 324
-0.006680 157 325
-0.006685 160 325
-0.006732 273 325
-0.006776 289 308
-0.006961 289 307
-0.006970 190 289
-0.007077 140 325
-0.007528 257 325
-0.007549 19 325
-0.007640 240 308
-0.007672 254 325
-0.007672 110 137
-0.007702 253 325
-0.007860 164 325
-0.007945 311 325
-0.007979 69 289
-0.007984 137 309
-0.008091 208 325
-0.008111 200 325
-0.008118 143 325
-0.008203 119 325
-0.008238 69 240
-0.008289 204 325
-0.008420 291 325
-0.008454 137 284
-0.008544 234 289
-0.008658 110 315
-0.008684 110 322
-0.008712 151 325
-0.008714 129 322
-0.008786 190 240
-0.008790 212 325
-0.008797 300 325
-0.008868 129 315
-0.008874 304 325
-0.008890 129 307
-0.008908 240 327
-0.008946 160 289
-0.008953 168 325
-0.009101 242 325
-0.009258 68 325
-0.009267 278 289
-0.009286 40 325
-0.009302 322 324
-0.009355 34 289
-0.009379 137 241
-0.009450 156 325
-0.009452 297 325
-0.009478 136 325
-0.009500 313 325
-0.009528 240 319
-0.009550 294 325
-0.009555 284 322
-0.009561 276 325
-0.009601 315 324
-0.009670 137 327
-0.009675 270 289
-0.009679 255 325
-0.009717 240 270
-0.009784 284 315
-0.009785 289 327
-0.009798 137 246
-0.009803 110 307
-0.009883 309 322
-0.010119 269 325
-0.010163 39 325
-0.010165 137 182
-0.010194 204 289
-0.010215 307 324
-0.010225 280 325
-0.010243 3 137
-0.010325 290 325
-0.010402 137 221
-0.010411 309 315
-0.010422 241 322
-0.010483 165 240
-0.010490 111 137
-0.010671 106 325
-0.010672 234 240
-0.010686 165 289
-0.010711 124 137
-0.010731 260 325
-0.010764 309 319
-0.010766 268 325
-0.010774 50 325
-0.010895 123 137
-0.010921 137 193
-0.010946 284 307
-0.010990 283 325
-0.010996 95 325
-0.011062 319 324
-0.011064 272 325
-0.011100 120 325
-0.011159 34 240
-0.011173 69 137
-0.011196 158 325
-0.011236 246 322
-0.011263 164 289
-0.011282 57 137
-0.011293 251 325
-0.011296 110 278
-0.011302 86 137
-0.011324 172 325
-0.011340 260 289
-0.011344 10 325
-0.011361 282 289
-0.011425 137 236
-0.011434 157 289
-0.011440 35 325
-0.011446 144 325
-0.011453 289 304
-0.011474 308 319
-0.011507 137 206
-0.011518 305 325
-0.011627 242 289
-0.011680 224 325
-0.011701 153 325
-0.011747 110 234
-0.011749 119 289
-0.011752 241 315
-0.011780 129 278
-0.011793 90 325
-0.011795 137 237
-0.011849 182 322
-0.011859 246 315
-0.011879 307 309
-0.011905 143 289
-0.011909 241 307
-0.011941 315 327
-0.011951 160 240
-0.011966 124 322
-0.011990 132 137
-0.011995 97 137
-0.012016 79 137
-0.012066 137 238
-0.012087 111 322
-0.012143 1 325
-0.012161 204 240
-0.012164 123 322
-0.012209 151 289
-0.012213 273 289
-0.012313 111 315
-0.012333 314 325
-0.012368 129 308
-0.012420 15 137
-0.012467 182 315
-0.012514 289 295
-0.012517 164 240
-0.012529 246 307
-0.012560 69 110
-0.012561 190 324
-0.012565 110 190
-0.012571 236 322
-0.012578 240 260
-0.012666 289 311
-0.012728 154 325
-0.012730 278 284
-0.012806 157 240
-0.012832 307 327
-0.012839 240 242
-0.012844 42 137
-0.012860 137 210
-0.012876 253 289
-0.012889 193 322
-0.012905 54 325
-0.012909 278 324
-0.012916 168 289
-0.012950 208 289
-0.012973 3 322
-0.012995 221 322
-0.013010 34 110
-0.013053 45 325
-0.013054 254 289
-0.013056 3 307
-0.013069 236 315
-0.013077 110 308
-0.013090 57 322
-0.013128 54 289
-0.013166 283 289
-0.013185 141 325
-0.013204 50 240
-0.013238 140 289
-0.013278 14 69
-0.013279 200 289
-0.013285 7 137
-0.013334 123 315
-0.013348 12 325
-0.013356 50 289
-0.013411 123 307
-0.013419 203 325
-0.013430 109 325
-0.013455 156 289
-0.013480 190 309
-0.013510 124 307
-0.013510 119 240
-0.013510 137 220
-0.013513 238 322
-0.013525 111 307
-0.013549 257 289
-0.013561 15 322
-0.013561 69 284
-0.013561 274 325
-0.013585 244 325
-0.013605 248 325
-0.013615 238 315
-0.013649 150 325
-0.013651 137 270
-0.013662 234 284
-0.013663 44 327
-0.013665 160 324
-0.013676 68 289
-0.013686 110 270
-0.013699 124 315
-0.013713 69 309
-0.013781 190 284
-0.013814 137 267
-0.013818 308 327
-0.013832 241 278
-0.013835 285 325
-0.013848 28 137
-0.013862 137 308
-0.013920 30 137
-0.013932 110 273
-0.013948 3 315
-0.013958 193 315
-0.013977 237 315
-0.014030 137 225
-0.014031 206 322
-0.014079 143 240
-0.014082 89 325
-0.014094 275 325
-0.014149 69 307
-0.014171 151 240
-0.014178 295 327
-0.014187 221 315
-0.014200 92 137
-0.014216 322 327
-0.014216 237 322
-0.014221 147 325
-0.014243 14 234
-0.014289 46 289
-0.014295 265 325
-0.014302 26 325
-0.014303 68 240
-0.014317 14 190
-0.014332 110 160
-0.014361 129 273
-0.014361 128 325
-0.014362 153 289
-0.014376 69 324
-0.014398 129 295
-0.014409 129 319
-0.014413 240 254
-0.014425 137 247
-0.014444 14 308
-0.014448 110 140
-0.014461 289 291
-0.014461 110 282
-0.014478 284 308
-0.014512 85 137
-0.014512 96 325
-0.014512 200 240
-0.014531 79 322
-0.014533 110 165
-0.014564 270 284
-0.014576 168 240
-0.014578 278 309
-0.014606 86 322
-0.014606 57 315
-0.014612 215 325
-0.014629 121 137
-0.014640 2 325
-0.014647 236 307
-0.014662 166 325
-0.014668 132 322
-0.014718 211 325
-0.014729 288 325
-0.014732 14 270
-0.014738 234 241
-0.014741 289 310
-0.014745 190 241
-0.014764 240 315
-0.014774 15 315
-0.014792 86 307
-0.014812 182 307
-0.014827 4 137
-0.014894 310 325
-0.014910 111 278
-0.014930 325 326
-0.014938 240 304
-0.014939 14 34
-0.014961 40 137
-0.014967 289 300
-0.014981 110 157
-0.015037 44 260
-0.015044 57 319
-0.015074 324 327
-0.015075 206 315
-0.015094 40 240
-0.015110 69 236
-0.015114 190 236
-0.015115 146 325
-0.015123 246 308
-0.015137 97 322
-0.015139 156 240
-0.015189 129 190
-0.015201 15 69
-0.015208 46 327
-0.015211 221 307
-0.015215 44 289
-0.015223 237 307
-0.015233 137 252
-0.015247 274 289
-0.015249 289 314
-0.015252 69 241
-0.015258 129 140
-0.015267 110 295
-0.015285 316 325
-0.015297 34 284
-0.015297 44 190
-0.015324 54 240
-0.015346 137 151
-0.015348 197 325
-0.015353 246 278
-0.015354 44 319
-0.015367 289 294
-0.015372 279 325
-0.015384 160 309
-0.015390 238 307
-0.015398 110 319
-0.015403 7 319
-0.015411 182 319
-0.015414 1 289
-0.015417 52 325
-0.015468 260 295
-0.015469 193 307
-0.015489 234 236
-0.015497 273 324
-0.015502 86 315
-0.015516 48 137
-0.015521 79 315
-0.015536 69 315
-0.015578 110 257
-0.015579 267 322
-0.015581 124 278
-0.015632 97 307
-0.015648 273 284
-0.015667 162 289
-0.015668 221 319
-0.015673 230 325
-0.015692 46 110
-0.015701 3 295
-0.015705 87 137
-0.015713 160 284
-0.015739 69 295
-0.015748 130 137
-0.015750 44 69
-0.015804 137 165
-0.015805 110 242
-0.015831 19 327
-0.015855 29 137
-0.015862 110 253
-0.015879 46 129
-0.015881 240 274
-0.015896 33 137
-0.015934 120 289
-0.015938 214 325
-0.015946 284 319
-0.015969 91 137
-0.015972 260 324
-0.015983 123 278
-0.015985 15 270
-0.015987 255 289
-0.015997 210 319
-0.016006 157 284
-0.016006 68 137
-0.016025 15 307
-0.016025 137 245
-0.016035 241 270
-0.016039 240 283
-0.016059 276 289
-0.016062 74 325
-0.016064 44 129
-0.016068 57 307
-0.016085 15 190
-0.016093 165 284
-0.016098 129 160
-0.016099 76 137
-0.016155 14 319
-0.016167 7 322
-0.016180 34 241
-0.016181 14 165
-0.016204 304 324
-0.016210 30 322
-0.016212 14 157
-0.016212 197 327
-0.016225 190 295
-0.016229 240 322
-0.016231 236 270
-0.016232 289 297
-0.016251 220 322
-0.016259 164 309
-0.016286 14 322
-0.016305 42 322
-0.016313 140 284
-0.016324 309 327
-0.016339 240 253
-0.016345 132 315
-0.016348 102 325
-0.016373 110 254
-0.016376 295 319
-0.016377 240 282
-0.016408 282 284
-0.016418 208 240
-0.016426 137 191
-0.016432 95 289
-0.016445 225 322
-0.016446 7 307
-0.016447 158 289
-0.016473 110 311
-0.016496 57 69
-0.016497 137 162
-0.016500 267 307
-0.016502 69 192
-0.016502 270 324
-0.016528 137 232
-0.016528 299 325
-0.016539 110 291
-0.016562 180 325
-0.016579 42 307
-0.016583 234 309
-0.016585 47 137
-0.016594 206 319
-0.016609 190 308
-0.016610 160 241
-0.016637 3 46
-0.016638 210 322
-0.016641 206 307
-0.016651 136 289
-0.016655 7 315
-0.016675 69 124
-0.016692 7 69
-0.016699 223 325
-0.016702 88 137
-0.016703 96 137
-0.016714 97 315
-0.016749 241 273
-0.016768 19 289
-0.016770 237 278
-0.016777 318 325
-0.016788 236 278
-0.016803 129 165
-0.016807 42 319
-0.016816 252 315
-0.016820 185 325
-0.016838 23 325
-0.016843 182 190
-0.016849 162 325
-0.016849 86 319
-0.016859 119 137
-0.016866 137 240
-0.016893 140 324
-0.016896 14 282
-0.016926 34 236
-0.016930 190 246
-0.016938 69 129
-0.016946 216 325
-0.016950 44 274
-0.016973 274 295
-0.016985 25 325
-0.016992 142 325
-0.017016 64 137
-0.017017 269 289
-0.017017 165 324
-0.017027 137 266
-0.017033 44 110
-0.017034 109 289
-0.017038 110 208
-0.017042 241 319
-0.017052 137 179
-0.017080 280 289
-0.017082 270 309
-0.017096 221 278
-0.017099 14 160
-0.017102 278 327
-0.017107 79 307
-0.017109 3 278
-0.017114 270 307
-0.017115 96 240
-0.017138 252 322
-0.017142 180 289
-0.017158 40 289
-0.017160 160 236
-0.017179 34 246
-0.017180 34 129
-0.017190 86 295
-0.017201 144 289
-0.017226 165 309
-0.017250 69 197
-0.017270 110 164
-0.017281 14 137
-0.017282 273 309
-0.017283 192 319
-0.017298 14 151
-0.017300 57 190
-0.017325 238 278
-0.017330 225 315
-0.017339 241 282
-0.017344 291 324
-0.017354 182 278
-0.017356 110 119
-0.017358 247 322
-0.017363 10 289
-0.017385 289 313
-0.017461 116 137
-0.017489 157 241
-0.017493 129 291
-0.017495 241 308
-0.017526 92 322
-0.017527 15 234
-0.017534 224 327
-0.017541 69 322
-0.017551 132 307
-0.017564 240 257
-0.017567 234 238
-0.017568 28 307
-0.017574 293 325
-0.017579 69 221
-0.017580 165 241
-0.017584 110 204
-0.017621 204 319
-0.017624 56 137
-0.017632 46 319
-0.017637 236 319
-0.017644 110 276
-0.017647 123 234
-0.017656 165 236
-0.017662 15 319
-0.017663 268 289
-0.017667 110 294
-0.017692 14 327
-0.017716 19 129
-0.017735 27 325
-0.017739 14 253
-0.017740 242 284
-0.017743 44 162
-0.017749 145 325
-0.017755 225 307
-0.017773 69 238
-0.017774 219 325
-0.017775 240 311
-0.017783 110 136
-0.017783 137 164
-0.017800 254 284
-0.017802 114 137
-0.017802 210 307
-0.017811 157 236
-0.017813 15 165
-0.017834 234 246
-0.017836 247 307
-0.017846 267 315
-0.017850 190 221
-0.017850 3 319
-0.017854 240 295
-0.017870 128 289
-0.017875 26 289
-0.017884 111 234
-0.017884 7 165
-0.017886 43 137
-0.017887 137 192
-0.017892 14 143
-0.017914 253 284
-0.017933 14 164
-0.017935 46 86
-0.017936 137 260
-0.017938 304 309
-0.017940 44 164
-0.017941 15 157
-0.017946 110 143
-0.017950 19 69
-0.017952 3 308
-0.017962 42 315
-0.017965 46 260
-0.017968 3 44
-0.017980 28 322
-0.017980 110 151
-0.017982 19 260
-0.017988 57 278
-0.017998 14 242
-0.018017 306 325
-0.018023 257 284
-0.018036 69 86
-0.018036 124 190
-0.018042 69 278
-0.018050 247 315
-0.018054 300 324
-0.018054 34 309
-0.018064 46 190
-0.018098 121 307
-0.018107 30 315
-0.018116 140 241
-0.018117 284 291
-0.018125 111 273
-0.018144 240 294
-0.018149 202 325
-0.018166 323 325
-0.018185 86 278
-0.018186 151 284
-0.018186 210 315
-0.018188 260 309
-0.018191 193 319
-0.018192 137 143
-0.018193 15 278
-0.018193 46 69
-0.018219 190 192
-0.018241 172 289
-0.018249 124 234
-0.018251 50 137
-0.018257 242 309
-0.018267 120 240
-0.018269 220 315
-0.018270 34 111
-0.018295 295 324
-0.018302 110 200
-0.018309 87 322
-0.018315 15 308
-0.018315 97 295
-0.018322 42 69
-0.018323 92 307
-0.018330 236 308
-0.018333 124 273
-0.018368 281 325
-0.018374 69 206
-0.018376 164 324
-0.018381 129 234
-0.018387 193 278
-0.018400 55 137
-0.018403 192 315
-0.018405 7 295
-0.018410 124 270
-0.018412 162 295
-0.018419 123 308
-0.018423 24 137
-0.018428 69 182
-0.018430 14 254
-0.018432 110 269
-0.018437 275 289
-0.018446 164 284
-0.018452 151 295
-0.018492 85 322
-0.018503 85 307
-0.018512 206 278
-0.018525 158 240
-0.018526 110 168
-0.018527 121 322
-0.018545 69 224
-0.018557 15 34
-0.018564 2 289
-0.018567 236 282
-0.018588 143 284
-0.018603 137 154
-0.018606 284 327
-0.018608 238 270
-0.018643 35 289
-0.018650 15 160
-0.018654 160 182
-0.018661 132 319
-0.018664 110 280
-0.018694 129 260
-0.018702 14 46
-0.018710 129 276
-0.018722 44 270
-0.018736 111 140
-0.018743 204 327
-0.018757 203 289
-0.018767 92 315
-0.018771 44 151
-0.018799 129 136
-0.018844 7 270
-0.018849 164 295
-0.018870 34 238
-0.018871 192 322
-0.018880 54 110
-0.018880 14 295
-0.018886 14 119
-0.018889 270 315
-0.018894 14 257
-0.018909 119 284
-0.018918 232 322
-0.018922 218 325
-0.018935 110 327
-0.018938 48 319
-0.018943 68 309
-0.018944 241 242
-0.018948 284 295
-0.018950 110 255
-0.018955 270 295
-0.018959 137 168
-0.018967 289 290
-0.018969 7 190
-0.018971 48 307
-0.018975 267 278
-0.018976 208 284
-0.018991 110 144
-0.018995 28 315
-0.018996 121 315
-0.019006 110 268
-0.019007 57 160
-0.019027 252 307
-0.019031 34 124
-0.019050 21 325
-0.019051 124 140
-0.019052 182 234
-0.019052 246 319
-0.019069 1 240
-0.019071 220 307
-0.019072 272 289
-0.019076 164 236
-0.019080 240 314
-0.019089 46 240
-0.019095 190 238
-0.019107 79 278
-0.019114 7 46
-0.019115 52 289
-0.019127 152 325
-0.019150 48 322
-0.019150 129 270
-0.019158 97 319
-0.019158 284 311
-0.019165 19 319
-0.019169 15 164
-0.019175 14 208
-0.019175 124 319
-0.019191 160 308
-0.019192 197 319
-0.019197 164 241
-0.019202 44 240
-0.019202 39 289
-0.019207 241 257
-0.019208 137 277
-0.019213 87 307
-0.019221 31 137
-0.019231 33 322
-0.019233 44 86
-0.019234 306 327
-0.019235 241 291
-0.019235 245 322
-0.019237 246 282
-0.019243 141 289
-0.019252 124 165
-0.019256 3 19
-0.019257 4 322
-0.019266 46 97
-0.019266 182 327
-0.019274 33 315
-0.019280 238 308
-0.019281 62 289
-0.019282 88 315
-0.019284 129 304
-0.019284 130 322
-0.019284 3 273
-0.019288 4 307
-0.019289 151 309
-0.019298 106 327
-0.019299 33 307
-0.019302 14 200
-0.019307 165 238
-0.019317 88 322
-0.019321 190 206
-0.019328 97 278
-0.019331 131 325
-0.019339 298 325
-0.019340 39 110
-0.019344 197 260
-0.019346 246 273
-0.019363 95 240
-0.019371 276 284
-0.019381 19 274
-0.019397 140 309
-0.019401 241 253
-0.019413 110 300
-0.019422 157 309
-0.019423 164 197
-0.019428 130 307
-0.019444 69 306
-0.019454 67 325
-0.019464 14 307
-0.019467 160 246
-0.019467 225 278
-0.019467 153 240
-0.019477 56 322
-0.019493 266 322
-0.019519 276 324
-0.019524 162 307
-0.019526 69 286
-0.019536 200 284
-0.019550 19 110
-0.019551 291 309
-0.019553 129 280
-0.019557 110 272
-0.019557 204 284
-0.019565 132 278
-0.019575 279 289
-0.019581 274 324
-0.019584 7 308
-0.019594 110 290
-0.019619 110 313
-0.019621 14 168
-0.019626 160 221
-0.019630 123 140
-0.019642 46 274
-0.019642 69 123
-0.019652 87 315
-0.019657 52 240
-0.019681 192 270
-0.019683 307 308
-0.019687 85 315
-0.019693 162 240
-0.019694 6 325
-0.019698 165 307
-0.019703 69 210
-0.019715 30 319
-0.019730 197 270
-0.019736 39 240
-0.019739 7 160
-0.019740 288 289
-0.019742 30 307
-0.019742 57 164
-0.019751 248 289
-0.019756 136 284
-0.019761 92 319
-0.019767 190 210
-0.019770 124 157
-0.019775 19 190
-0.019783 129 300
-0.019785 321 325
-0.019789 245 307
-0.019795 68 110
-0.019801 40 110
-0.019803 109 240
-0.019803 236 242
-0.019807 104 325
-0.019809 230 327
-0.019819 180 240
-0.019825 56 315
-0.019826 46 284
-0.019834 129 313
-0.019846 123 295
-0.019849 137 198
-0.019850 284 294
-0.019856 14 204
-0.019868 124 295
-0.019882 111 308
-0.019883 42 295
-0.019892 137 261
-0.019898 57 270
-0.019898 7 34
-0.019899 95 110
-0.019914 190 193
-0.019920 247 278
-0.019938 76 307
-0.019938 110 172
-0.019943 119 309
-0.019945 69 106
-0.019947 168 284
-0.019957 165 315
-0.019960 232 307
-0.019987 4 319
-0.019997 111 282
-0.020005 34 123
-0.020009 14 44
-0.020018 280 324
-0.020020 48 315
-0.020023 14 68
-0.020024 123 190
-0.020049 7 119
-0.020049 34 182
-0.020052 14 311
-0.020066 124 160
-0.020067 238 319
-0.020071 212 289
-0.020073 241 254
-0.020097 221 273
-0.020097 320 325
-0.020106 124 282
-0.020108 110 297
-0.020111 137 264
-0.020118 50 110
-0.020120 269 284
-0.020121 241 311
-0.020128 289 305
-0.020130 193 234
-0.020139 19 164
-0.020153 29 322
-0.020171 3 34
-0.020172 136 324
-0.020172 245 315
-0.020181 227 325
-0.020186 74 289
-0.020186 190 197
-0.020190 123 273
-0.020213 220 319
-0.020218 26 240
-0.020222 3 140
-0.020224 57 165
-0.020228 119 241
-0.020236 129 212
-0.020239 29 307
-0.020258 129 282
-0.020259 7 234
-0.020262 86 165
-0.020263 237 273
-0.020267 229 325
-0.020267 130 315
-0.020272 151 307
-0.020281 110 156
-0.020292 14 294
-0.020298 44 50
-0.020299 7 164
-0.020306 15 327
-0.020310 260 307
-0.020311 164 307
-0.020314 110 305
-0.020326 44 96
-0.020326 164 192
-0.020328 50 295
-0.020331 111 190
-0.020341 234 237
-0.020342 289 318
-0.020361 240 310
-0.020362 280 284
-0.020369 110 304
-0.020373 46 162
-0.020386 283 309
-0.020391 123 282
-0.020394 102 289
-0.020396 68 307
-0.020398 162 197
-0.020405 119 324
-0.020408 15 282
-0.020410 62 325
-0.020414 46 124
-0.020416 111 295
-0.020418 137 176
-0.020426 153 284
-0.020426 207 325
-0.020448 19 86
-0.020453 3 190
-0.020455 301 325
-0.020468 86 273
-0.020477 48 69
-0.020478 47 307
-0.020479 15 151
-0.020485 15 119
-0.020485 137 233
-0.020485 129 144
-0.020495 19 162
-0.020502 129 311
-0.020503 204 246
-0.020511 277 322
-0.020525 284 300
-0.020528 236 327
-0.020532 182 273
-0.020536 123 270
-0.020539 4 315
-0.020552 151 236
-0.020559 236 273
-0.020571 140 237
-0.020587 151 241
-0.020596 121 319
-0.020602 40 307
-0.020602 35 110
-0.020603 39 284
-0.020609 3 234
-0.020612 238 273
-0.020617 110 158
