0.666667 276 291
0.652174 136 269
0.645833 269 280
0.621622 26 318
0.613636 28 97
0.609756 7 121
0.606061 1 153
0.600000 20 229
0.591837 4 114
0.586957 4 41
0.586957 41 130
0.586207 20 112
0.580645 19 230
0.577778 288 291
0.577778 8 121
0.576923 265 269
0.576923 268 301
0.565217 200 234
0.564103 132 206
0.564103 273 291
0.562500 66 121
0.552632 10 291
0.545455 90 229
0.536585 136 300
0.536585 6 106
0.536585 2 74
0.534884 97 130
0.534884 10 136
0.533333 8 130
0.531250 151 153
0.528302 133 301
0.528302 12 226
0.528302 133 268
0.527273 38 41
0.526316 2 26
0.523810 19 105
0.522727 42 66
0.522727 183 320
0.521739 7 114
0.521739 26 27
0.520833 203 296
0.520833 91 121
0.515152 248 254
0.512195 90 212
0.511111 4 33
0.510204 140 272
0.509804 71 74
0.509434 56 232
0.509091 113 218
0.508772 235 272
0.500000 134 262
0.500000 45 218
0.500000 128 149
0.500000 109 152
0.500000 225 277
0.500000 59 320
0.500000 105 230
0.500000 2 323
0.500000 30 206
0.492754 61 101
0.491525 12 298
0.490909 133 141
0.490909 32 41
0.490566 106 298
0.490566 92 115
0.489796 4 64
0.489796 48 116
0.489796 20 222
0.488889 79 181
0.488372 219 230
0.487805 277 284
0.486486 255 294
0.484848 255 311
0.482759 112 229
0.481481 63 73
0.480000 88 264
0.480000 285 303
0.479167 140 172
0.479167 128 321
0.479167 12 45
0.479167 81 109
0.479167 97 115
0.478873 150 303
0.478261 74 323
0.478261 201 317
0.478261 21 26
0.477273 86 130
0.477273 241 245
0.476190 48 86
0.476190 61 76
0.476190 269 281
0.475000 19 219
0.473684 245 266
0.473684 106 212
0.472727 216 226
0.472727 76 116
0.472727 141 288
0.472222 276 287
0.472222 247 284
0.471698 64 76
0.470588 7 38
0.470588 32 127
0.470588 118 188
0.470588 47 130
0.469388 6 12
0.469388 59 194
0.469388 188 195
0.469388 42 114
0.468085 272 300
0.468085 136 290
0.467742 133 202
0.466667 99 118
0.466667 38 76
0.466667 172 300
0.463415 99 320
0.463415 19 216
0.462963 258 313
0.461538 173 201
0.461538 29 116
0.461538 59 187
0.460317 150 299
0.460000 273 299
0.460000 99 187
0.459459 278 291
0.459016 150 268
0.458333 48 64
0.458333 225 237
0.458333 276 316
0.458333 183 317
0.458333 104 197
0.458333 90 251
0.457627 98 196
0.457627 177 183
0.457143 258 293
0.457143 140 278
0.457143 212 224
0.456522 79 176
0.456522 31 57
0.456140 89 262
0.456140 13 90
0.454545 5 219
0.454545 115 127
0.454545 133 166
0.454545 1 151
0.454545 10 269
0.454545 172 278
0.454545 166 300
0.454545 106 228
0.452830 64 85
0.452381 140 291
0.452381 225 284
0.451613 44 211
0.451613 145 235
0.450980 189 194
0.450980 280 316
0.450000 140 273
0.448980 63 183
0.448980 10 299
0.448980 1 149
0.448980 219 222
0.448980 212 259
0.448276 187 194
0.448276 30 302
0.447761 166 293
0.446809 273 288
0.446809 86 117
0.446809 59 183
0.446809 45 228
0.446809 118 320
0.446809 189 201
0.446429 166 235
0.444444 55 264
0.444444 211 216
0.444444 179 221
0.444444 131 152
0.444444 132 182
0.444444 33 36
0.444444 25 80
0.444444 8 32
0.444444 8 33
0.444444 1 21
0.444444 142 288
0.442623 4 61
0.442308 74 80
0.441860 90 230
0.441860 276 300
0.441176 99 274
0.440678 38 92
0.440000 225 312
0.440000 17 28
0.440000 219 251
0.440000 82 236
0.440000 29 130
0.439394 85 127
0.439024 247 252
0.439024 3 130
0.439024 208 223
0.438596 173 194
0.437500 29 48
0.437500 33 66
0.437500 238 245
0.437500 106 262
0.437500 62 187
0.436364 73 195
0.435897 241 247
0.435897 236 247
0.434783 29 97
0.434783 141 300
0.434783 15 245
0.434783 165 270
0.433962 290 305
0.433962 45 226
0.433333 208 282
0.433333 253 254
0.433333 208 311
0.433333 257 282
0.432432 106 224
0.432432 150 205
0.431818 268 278
0.431818 7 91
0.431373 12 228
0.431373 238 266
0.431034 63 196
0.430556 11 301
0.430233 17 94
0.428571 150 291
0.428571 3 41
0.428571 257 296
0.428571 141 150
0.428571 97 116
0.428571 1 39
0.428571 79 193
0.428571 226 230
0.428571 87 284
0.428571 33 92
0.428571 37 101
0.428571 1 323
0.428571 252 284
0.425926 265 316
0.425926 217 229
0.425926 21 321
0.425926 92 117
0.425532 6 45
0.425532 16 41
0.425532 111 264
0.425532 89 224
0.425532 79 191
0.425000 39 102
0.425000 35 208
0.423077 239 264
0.423077 45 113
0.422222 147 255
0.422222 123 232
0.421875 293 313
0.421053 84 181
0.421053 31 84
0.421053 274 317
0.421053 238 241
0.421053 71 321
0.420290 36 47
0.420000 42 115
0.419355 217 259
0.418605 269 300
0.418605 25 39
0.418182 148 214
0.418182 186 206
0.417910 235 285
0.416667 232 252
0.416667 62 180
0.416667 39 153
0.416667 182 324
0.416667 104 262
0.416667 56 252
0.416667 230 306
0.415094 268 313
0.415094 29 47
0.414634 39 74
0.414634 185 201
0.414634 111 238
0.414634 1 109
0.414634 197 229
0.413793 37 48
0.413793 254 282
0.413793 182 193
0.413793 235 301
0.413793 32 66
0.413043 7 64
0.413043 197 262
0.413043 100 185
0.413043 153 321
0.411765 282 294
0.411765 219 228
0.411765 144 290
0.411765 35 223
0.411765 66 91
0.411765 8 117
0.411765 10 258
0.411765 65 86
0.411765 294 311
0.410714 10 142
0.410714 47 116
0.410714 85 117
0.410714 256 326
0.410714 118 173
0.410256 123 247
0.410256 128 151
0.409836 42 94
0.409091 106 229
0.409091 33 97
0.409091 180 183
0.409091 8 86
0.409091 212 251
0.408163 133 140
0.408163 131 323
0.408163 105 211
0.408163 218 230
0.408163 90 222
0.407407 290 292
0.407407 27 131
0.407407 48 65
0.406250 234 255
0.404762 90 224
0.404762 25 151
0.404762 282 296
0.404762 57 198
0.404255 16 130
0.404255 62 170
0.404255 278 299
0.404255 66 86
0.403846 56 312
0.403846 268 316
0.403846 15 82
0.402985 47 127
0.402985 163 191
0.400000 82 124
0.400000 19 211
0.400000 278 313
0.400000 32 47
0.400000 8 64
0.400000 303 313
0.400000 236 237
0.400000 257 294
0.400000 241 267
0.400000 66 116
0.400000 105 251
0.400000 151 323
0.400000 91 94
0.400000 218 228
0.400000 110 238
0.400000 42 116
0.400000 8 129
0.400000 123 225
0.400000 48 129
0.400000 57 309
0.396552 145 316
0.396552 16 101
0.396226 248 263
0.396226 166 313
0.396226 87 239
0.395833 7 117
0.395833 222 229
0.395833 109 131
0.395349 211 229
0.395349 55 110
0.395349 180 189
0.395349 30 210
0.394737 132 193
0.394737 140 300
0.394737 2 39
0.393939 146 156
0.393443 140 281
0.393443 273 281
0.393443 5 218
0.393443 202 313
0.392857 234 257
0.392857 45 104
0.392857 53 73
0.392157 269 313
0.392157 16 28
0.392157 140 141
0.392157 175 221
0.392157 33 47
0.391304 56 123
0.391304 34 234
0.390625 150 301
0.390625 36 97
0.390244 20 44
0.390244 7 86
0.390244 224 229
0.390244 261 284
0.390244 35 257
0.390244 180 320
0.388889 237 246
0.388889 63 194
0.388889 13 212
0.388889 64 92
0.388889 32 97
0.387755 113 211
0.387097 6 243
0.387097 257 311
0.387097 34 255
0.387097 38 47
0.386364 6 211
0.386364 253 326
0.386364 21 151
0.386364 30 192
0.385965 70 116
0.385965 211 243
0.385965 90 217
0.384615 244 248
0.384615 26 154
0.384615 64 91
0.384615 213 227
0.383333 145 313
0.383333 125 170
0.382979 138 210
0.382979 19 226
0.382979 212 216
0.382979 223 255
0.382979 3 114
0.382979 124 261
0.382979 235 300
0.382979 12 211
0.382353 307 313
0.382353 246 252
0.381818 125 201
0.381818 218 222
0.381818 66 117
0.380952 45 197
0.380952 14 264
0.380952 98 274
0.380952 59 180
0.380952 260 304
0.380952 205 273
0.380000 197 217
0.380000 133 273
0.380000 6 228
0.380000 56 238
0.379310 7 61
0.379310 19 44
0.378788 84 179
0.378788 11 273
0.378378 15 241
0.378378 14 247
0.378378 193 221
0.378378 110 267
0.378378 110 247
0.377778 290 291
0.377778 98 185
0.377778 230 251
0.377778 232 284
0.377778 45 106
0.377778 212 228
0.377778 185 188
0.377778 33 42
0.377778 79 209
0.377358 202 278
0.377358 301 316
0.377358 145 300
0.377358 175 220
0.375000 138 176
0.375000 7 129
0.375000 208 257
0.375000 39 318
0.375000 253 282
0.375000 14 261
0.375000 105 228
0.375000 15 55
0.375000 173 185
0.375000 19 45
0.375000 284 312
0.375000 10 288
0.372549 109 321
0.372549 31 220
0.372549 235 273
0.372549 5 212
0.372093 68 275
0.372093 110 277
0.372093 90 306
0.372093 79 198
0.372093 62 201
0.372093 273 290
0.372093 86 97
0.370370 224 298
0.369565 16 48
0.369565 118 180
0.369565 273 313
0.369565 209 221
0.369565 147 294
0.369048 108 117
0.368421 197 212
0.368421 82 286
0.368421 197 211
0.368421 35 234
0.367347 10 166
0.367347 269 290
0.367347 33 91
0.367347 170 180
0.366667 254 311
0.366667 19 46
0.365854 46 219
0.365854 19 222
0.365854 6 19
0.365854 10 273
0.365854 12 44
0.365385 87 312
0.365385 7 65
0.365079 222 243
0.365079 273 293
0.365079 140 303
0.365079 285 316
0.364865 37 61
0.363636 161 233
0.363636 89 295
0.363636 37 115
0.363636 208 253
0.363636 45 230
0.363636 138 193
0.363636 44 105
0.363636 258 290
0.362069 83 87
0.361702 52 275
0.361702 7 29
0.361702 19 218
0.361702 123 245
0.361702 181 210
0.361111 197 306
0.361111 62 185
0.361111 206 309
0.361111 57 182
0.360656 13 251
0.360656 202 316
0.360656 65 85
0.360656 29 38
0.360000 10 301
0.360000 197 226
0.359551 72 187
0.359375 150 288
0.358974 200 214
0.358491 199 248
0.358491 166 316
0.357143 59 62
0.357143 118 274
0.357143 10 290
0.357143 19 228
0.357143 138 178
0.357143 19 251
0.357143 83 261
0.355932 235 288
0.355932 70 115
0.355932 65 66
0.355932 28 70
0.355556 6 212
0.355556 206 220
0.355556 253 296
0.355556 278 288
0.355556 44 226
0.354839 125 173
0.354839 257 310
0.354839 14 284
0.354839 273 307
0.354167 151 271
0.353846 37 117
0.353846 138 186
0.352941 236 266
0.352941 74 131
0.352941 210 309
0.352941 278 300
0.352941 42 117
0.352941 288 290
0.352941 222 228
0.351852 147 223
0.351852 288 313
0.351852 183 231
0.351852 147 227
0.351351 57 193
0.351351 95 119
0.351351 8 17
0.351351 248 310
0.350877 93 131
0.350877 16 38
0.350000 236 238
0.350000 62 99
0.350000 46 251
0.350000 193 209
0.350000 211 230
0.350000 195 274
0.350000 2 154
0.350000 201 274
0.348837 88 284
0.348837 214 297
0.348837 225 246
0.348837 3 91
0.348837 223 311
0.348837 39 323
0.347826 199 254
0.347826 256 282
0.347826 133 278
0.347826 25 154
0.347826 198 220
0.347826 62 118
0.346154 157 165
0.346154 13 19
0.346154 34 310
0.346154 278 307
0.346154 277 286
0.346154 150 278
0.344828 119 162
0.344828 5 251
0.344828 110 246
0.344828 10 202
0.344828 37 86
0.344828 3 129
0.343750 200 297
0.343750 171 201
0.343750 18 197
0.343284 70 101
0.343284 184 195
0.342857 200 255
0.342857 294 310
0.342105 248 311
0.342105 49 53
0.342105 15 236
0.342105 214 234
0.341463 206 210
0.341463 24 158
0.340909 63 185
0.340909 232 246
0.340909 269 278
0.340909 132 192
0.340426 62 188
0.340426 39 81
0.340206 65 107
0.340000 100 180
0.340000 197 218
0.340000 212 262
0.339623 288 316
0.339623 126 274
0.339623 43 87
0.339623 175 198
0.339623 55 267
0.339623 53 98
0.339286 13 211
0.338983 37 42
0.338983 278 303
0.338983 37 97
0.338710 53 177
0.338028 10 287
0.333333 59 185
0.333333 154 318
0.333333 200 311
0.333333 255 297
0.333333 134 295
0.333333 220 309
0.333333 31 198
0.333333 281 300
0.333333 181 324
0.333333 59 274
0.333333 146 314
0.333333 120 168
0.333333 179 309
0.333333 70 76
0.333333 138 209
0.333333 254 310
0.333333 66 70
0.333333 3 86
0.333333 122 267
0.333333 180 188
0.333333 44 249
0.333333 254 297
0.333333 236 267
0.333333 44 216
0.333333 123 252
0.333333 197 228
0.333333 211 295
0.333333 132 139
0.333333 141 290
0.333333 146 158
0.333333 68 327
0.333333 47 86
0.333333 180 317
0.333333 254 263
0.333333 106 251
0.333333 3 115
0.333333 208 214
0.333333 40 155
0.333333 10 140
0.333333 111 261
0.333333 204 254
0.328947 112 150
0.328571 100 171
0.328358 26 103
0.328358 53 184
0.328125 174 231
0.327869 186 220
0.327869 81 93
0.327869 65 92
0.327869 300 303
0.327586 112 224
0.327586 83 239
0.326923 111 232
0.326923 186 309
0.326923 222 251
0.326923 39 149
0.326923 70 97
0.326531 263 282
0.326531 209 220
0.326531 244 256
0.326087 252 312
0.326087 273 316
0.326087 239 241
0.326087 148 234
0.326087 219 306
0.325581 214 253
0.325581 154 279
0.325000 99 185
0.325000 53 274
0.325000 284 286
0.324675 150 249
0.324324 9 140
0.324324 182 206
0.324324 49 99
0.324324 125 184
0.324324 10 278
0.324324 168 314
0.323529 260 320
0.323529 62 274
0.323529 44 230
0.323077 178 221
0.323077 171 317
0.323077 16 94
0.322581 234 297
0.322581 246 284
0.322581 200 257
0.322581 68 162
0.322034 249 306
0.321429 34 257
0.321429 234 310
0.321429 93 279
0.320755 16 85
0.320755 140 235
0.320000 105 306
0.320000 29 42
0.320000 237 261
0.320000 19 217
0.320000 124 239
0.320000 125 185
0.320000 148 257
0.319149 216 224
0.319149 15 88
0.318841 11 140
0.318182 185 195
0.318182 102 154
0.318182 63 171
0.318182 147 208
0.318182 7 16
0.317073 219 295
0.317073 35 200
0.317073 121 129
0.317073 246 261
0.317073 214 254
0.316667 70 85
0.316456 51 118
0.315789 4 70
0.315789 40 128
0.315789 96 158
0.315789 228 262
0.315789 266 286
0.315789 50 201
0.314815 78 182
0.314815 189 231
0.314815 232 237
0.314815 46 243
0.314815 212 217
0.314815 211 217
0.314286 46 230
0.314286 15 110
0.313725 53 195
0.313725 42 64
0.313725 53 317
0.313725 5 224
0.313725 226 306
0.313725 14 82
0.313725 253 263
0.313725 239 286
0.313433 126 231
0.312500 20 306
0.312500 254 257
0.312500 46 259
0.312500 34 294
0.312500 146 270
0.312500 140 313
0.312500 119 168
0.312500 8 16
0.312500 148 200
0.312500 3 116
0.311111 56 246
0.311111 218 295
0.311111 3 29
0.311111 191 193
0.311111 203 244
0.310345 165 168
0.310345 184 274
0.310345 234 311
0.310345 96 157
0.309524 175 324
0.309524 124 236
0.309524 54 189
0.309524 280 307
0.309524 54 201
0.309524 124 241
0.309524 3 33
0.309524 144 307
0.309091 13 224
0.308824 27 169
0.307692 34 200
0.307692 260 274
0.307692 16 92
0.307692 294 297
0.307692 10 300
0.307692 196 231
0.307692 175 266
0.307692 150 219
0.306452 293 300
0.306452 99 171
0.306122 176 210
0.306122 110 266
0.306122 46 104
0.306122 53 320
0.305882 72 189
0.305085 70 92
0.304348 200 256
0.304348 111 267
0.304348 125 196
0.304348 16 97
0.304348 192 209
0.304348 91 127
0.304348 151 321
0.304348 50 260
0.303571 43 55
0.303571 62 196
0.303571 125 320
0.303030 171 195
0.303030 79 324
0.303030 46 224
0.302326 300 316
0.302326 213 282
0.302326 34 215
0.302326 20 295
0.302326 192 206
0.301887 239 312
0.301887 42 70
0.301887 93 153
0.301887 43 239
0.301587 47 65
0.300000 96 119
0.300000 119 157
0.300000 19 295
0.300000 156 158
0.300000 154 167
0.300000 111 239
0.300000 31 324
0.300000 215 244
0.300000 65 91
0.300000 39 80
0.300000 113 224
0.300000 62 194
0.298701 89 293
0.298246 180 196
0.297872 259 295
0.297872 46 105
0.297872 227 244
0.297297 23 96
0.297297 255 310
0.297297 122 261
0.297297 260 317
0.296875 27 93
0.296296 193 324
0.296296 274 304
0.296296 83 238
0.296296 55 124
0.296296 228 251
0.296296 86 108
0.296296 83 111
0.295775 11 290
0.295775 122 286
0.295455 79 139
0.295455 131 151
0.295455 46 216
0.295455 229 306
0.295082 278 293
0.295082 16 37
0.295082 80 321
0.294118 96 146
0.294118 180 194
0.294118 199 297
0.294118 83 241
0.294118 244 254
0.294118 221 324
0.294118 88 124
0.293103 186 210
0.293103 29 70
0.293103 93 128
0.293103 98 231
0.293103 78 233
0.292683 34 296
0.292683 166 307
0.291667 3 117
0.291667 199 310
0.291667 238 312
0.291667 267 286
0.291667 104 295
0.291667 46 226
0.291667 53 99
0.291667 111 312
0.291139 93 103
0.290909 53 67
0.290909 44 112
0.290909 235 290
0.290698 91 108
0.290323 50 185
0.290323 24 165
0.289855 49 274
0.289474 40 279
0.289474 34 214
0.289474 123 236
0.289474 79 182
0.288889 113 295
0.288889 54 118
0.288889 176 309
0.288889 43 241
0.288889 156 275
0.288889 67 119
0.288889 246 277
0.288889 213 253
0.288889 191 309
0.288889 258 307
0.288462 211 262
0.288136 84 209
0.287671 43 122
0.287500 127 179
0.285714 165 283
0.285714 268 307
0.285714 200 213
0.285714 23 165
0.285714 24 95
0.285714 84 309
0.285714 93 169
0.285714 120 327
0.285714 120 162
0.285714 162 270
0.285714 150 300
0.285714 14 236
0.285714 15 252
0.285714 34 204
0.285714 139 210
0.285714 63 231
0.285714 34 248
0.283784 12 293
0.283582 199 263
0.283333 35 199
0.283333 26 169
0.283333 83 88
0.283019 176 198
0.283019 217 306
0.283019 71 154
0.283019 231 320
0.283019 244 263
0.282609 44 113
0.282609 203 297
0.282609 292 307
0.282609 251 306
0.282609 224 251
0.282609 34 148
0.282609 199 234
0.282051 24 120
0.282051 40 102
0.282051 50 317
0.281690 9 278
0.281250 224 295
0.281250 24 270
0.280899 25 72
0.280702 42 65
0.280488 51 188
0.280000 67 120
0.280000 58 182
0.280000 224 262
0.279412 155 169
0.279070 216 295
0.279070 123 237
0.279070 172 307
0.279070 170 260
0.278689 100 231
0.277778 180 274
0.277778 26 40
0.277778 157 314
0.277778 228 293
0.277778 104 306
0.277778 39 151
0.277778 19 306
