95.318235 285 303
91.740349 17 94
91.173201 107 122
89.103060 150 303
85.427657 258 293
85.106144 150 205
84.393418 65 107
83.536007 107 161
83.436715 276 287
81.911447 107 186
81.127600 60 107
80.546051 9 18
79.565591 166 293
78.052616 72 107
77.922961 9 298
76.649983 11 301
75.950206 150 299
75.662471 18 287
75.603395 108 135
75.517902 108 117
74.882121 112 287
74.831080 17 77
74.687745 58 107
74.556425 287 298
74.453579 17 163
74.414041 9 217
74.367836 29 107
74.310754 17 28
74.019261 61 101
72.938261 235 285
72.922139 82 107
72.586514 84 107
72.399562 37 101
71.956005 58 108
71.298459 17 302
71.261395 269 281
70.355952 29 108
70.238657 141 150
70.205708 32 127
69.986952 133 202
69.970736 293 313
69.718746 243 303
69.662931 37 61
69.661689 11 18
69.559867 150 268
69.439895 17 179
69.073154 107 175
68.956427 17 78
68.834332 142 288
68.802468 145 235
68.692084 60 287
68.290398 22 60
68.175244 60 205
68.163803 235 272
67.951118 112 150
67.710939 60 108
67.683857 77 94
67.651886 150 301
67.617835 49 107
67.599218 11 298
67.462841 17 161
67.436321 18 281
67.260043 91 108
67.256383 112 281
67.046151 303 313
66.944826 85 127
66.658796 89 293
66.605879 115 127
66.431435 60 167
66.318162 83 108
66.267216 11 243
66.172777 36 77
66.089891 9 104
65.872603 72 187
65.871099 36 163
65.805355 9 218
65.766382 49 103
65.723704 150 249
65.663932 127 179
65.411354 17 186
65.379591 127 178
65.338096 265 269
65.237016 11 217
65.217629 94 302
64.840966 133 141
64.831396 9 89
64.607646 9 105
64.433546 36 178
64.379670 9 140
64.357342 94 178
64.177176 107 266
64.160870 78 127
64.160089 107 181
64.147736 112 205
64.145311 72 108
64.140452 249 281
64.087931 134 287
63.758563 133 268
63.720313 86 107
63.467506 75 126
63.464413 36 302
63.460596 269 280
63.374075 268 301
63.345097 36 122
63.326433 18 285
63.325453 150 288
63.218727 75 184
63.112133 9 290
62.888285 104 287
62.773952 127 161
62.733870 78 94
62.388487 17 135
62.374536 218 287
62.313256 133 166
62.261009 133 301
62.219386 205 243
62.201094 37 163
62.165517 60 202
62.081444 150 291
61.969166 108 181
61.960699 205 217
61.940776 136 269
61.827797 89 287
61.681097 108 266
61.662814 56 108
61.548357 243 285
61.488916 9 103
61.480074 101 302
61.330207 287 290
61.325640 61 76
61.309482 273 293
61.102094 226 287
61.072216 10 287
61.045948 47 127
61.031208 75 177
60.990816 107 184
60.922630 217 285
60.832692 122 178
60.761560 108 138
60.736110 75 171
60.733165 36 47
60.660569 61 163
60.557608 86 108
60.492062 145 313
60.480869 108 225
60.439660 104 303
60.431894 107 277
60.412481 205 249
60.403382 61 77
60.394837 107 245
60.277500 141 288
60.268123 249 285
60.051390 17 58
60.027303 101 178
60.017639 8 17
59.936170 60 281
59.860730 75 108
59.842373 166 235
59.717066 235 301
59.711664 101 122
59.641860 89 303
59.598909 37 302
59.549081 140 303
59.448983 61 122
59.442091 285 316
59.431955 37 115
59.416579 107 167
59.414352 142 298
59.388254 112 142
59.230378 276 291
59.225066 18 142
59.204433 9 107
59.127729 205 273
59.101450 105 303
59.092641 259 293
59.053614 112 145
59.012634 11 273
58.981374 51 107
58.958813 5 293
58.925816 202 313
58.916513 60 285
58.913204 18 145
58.908464 51 174
58.687750 72 271
58.670790 70 101
58.667905 273 281
58.611301 38 76
58.593854 11 140
58.549445 60 142
58.481801 140 281
58.379184 5 9
58.314169 9 13
58.278338 38 163
58.261083 72 125
58.254356 298 305
58.211998 37 179
58.121676 122 302
57.967186 113 287
57.924663 60 71
57.845333 75 196
57.755365 11 134
57.727460 94 135
57.723440 142 217
57.663065 9 49
57.621125 108 277
57.619387 61 178
57.513620 107 264
57.480029 61 179
57.448868 134 281
57.446813 11 290
57.418202 37 78
57.332814 18 305
57.323186 9 51
57.312566 108 245
57.308899 4 61
57.272554 107 171
57.214065 36 186
57.211120 11 107
57.183880 12 293
57.122600 38 92
57.114454 72 159
57.075650 272 298
57.051960 145 217
57.044405 78 122
57.002647 60 271
56.865094 11 104
56.720696 258 313
56.649155 17 60
56.457522 18 202
56.439370 33 36
56.429468 38 41
56.326114 38 178
56.281438 218 281
56.197148 235 288
56.192297 145 316
56.181618 18 272
56.121632 38 302
56.103532 11 226
56.041815 216 293
55.959181 112 202
55.917552 20 112
55.901102 142 249
55.884996 243 305
55.882702 202 298
55.791308 11 72
55.778274 112 299
55.750037 11 105
55.705631 30 107
55.669348 49 108
55.662925 145 249
55.628268 91 94
55.614623 11 89
55.427088 202 316
55.348393 17 83
55.329714 108 132
55.273035 292 298
55.246107 112 292
55.204057 9 184
55.173255 103 126
55.031973 60 145
55.010432 103 184
54.984351 9 216
54.975963 107 220
54.956989 265 316
54.946818 135 163
54.892308 9 262
54.878075 60 178
54.804299 226 281
54.788822 58 94
54.751408 18 292
54.689561 122 161
54.648033 37 117
54.601948 61 161
54.544339 91 127
54.542009 87 108
54.496146 10 142
54.467997 107 239
54.454324 202 217
54.376022 202 243
54.363966 259 287
54.265646 217 299
54.239305 11 103
54.192957 249 305
54.161931 13 287
54.110194 30 108
54.028359 268 313
54.008573 72 189
54.004471 60 292
53.982590 113 150
53.943493 76 116
53.848288 84 127
53.841252 140 272
53.806586 32 41
53.765838 172 298
53.763942 122 179
53.762155 265 298
53.746680 32 77
53.727581 75 159
53.721531 205 218
53.692410 38 47
53.692048 134 205
53.683830 12 298
53.681554 112 265
53.677953 36 135
53.652314 243 299
53.640355 32 163
53.627207 79 107
53.618621 61 186
53.550972 112 172
53.475487 134 285
53.392411 4 114
53.345714 273 299
53.321997 20 287
53.255055 9 108
53.242530 249 272
53.241197 104 205
53.228291 288 291
53.189237 290 305
53.179250 37 48
53.122684 243 292
53.110675 280 316
53.069768 18 265
53.051286 218 285
53.050619 103 177
53.038802 75 170
53.027016 36 58
52.998726 108 220
52.978803 75 100
52.896509 219 287
52.873245 18 172
52.824389 12 287
52.746068 60 258
52.714282 60 150
52.701196 166 313
52.680083 72 183
52.668314 217 265
52.657935 60 169
52.626662 112 133
52.613456 202 249
52.594821 259 303
52.584008 103 171
52.580452 75 173
52.531248 42 94
52.502135 18 133
52.492874 72 205
52.487456 280 298
52.472705 101 135
52.446012 114 163
52.442219 11 75
52.440511 9 17
52.384039 116 163
52.377285 77 116
52.357853 61 135
52.345507 172 217
52.327122 205 226
52.286356 17 72
52.279984 77 114
52.250411 144 298
52.249175 58 101
52.247560 36 97
52.202646 17 191
52.201746 89 285
52.184563 60 265
52.180364 112 258
52.171622 228 293
52.165608 258 298
52.139946 112 280
52.084980 249 299
52.084661 293 300
52.026432 112 136
52.009827 92 115
52.006616 11 108
51.994315 72 287
51.987999 112 144
51.891052 113 281
51.883089 32 302
51.878640 140 172
51.867059 13 303
51.854087 72 231
51.848466 36 84
51.836756 105 285
51.809561 108 221
51.803738 11 49
51.754496 32 66
51.751002 28 163
51.686842 103 174
51.658876 290 292
51.644266 243 265
51.598137 28 77
51.589325 18 235
51.583001 172 243
51.537166 32 178
51.505254 32 122
51.490982 20 303
51.446031 135 178
51.430506 32 179
51.427765 108 184
51.348067 10 202
51.331150 83 94
51.321409 36 60
51.293278 49 159
51.288583 11 17
51.279200 10 299
51.277015 21 60
51.252225 249 292
51.224900 32 47
51.224356 103 287
51.222358 217 280
51.167237 25 72
51.155445 144 217
51.147450 27 60
51.119399 219 303
51.112858 262 287
51.099137 51 167
51.097197 18 280
51.088311 217 258
51.075823 60 299
51.047021 127 176
51.027137 12 303
51.006293 114 179
51.001124 18 136
50.992998 60 235
50.980560 17 56
50.946925 18 144
50.896816 60 122
50.873707 217 259
50.872580 114 302
50.866184 38 186
50.865570 136 217
50.854398 41 130
50.803232 49 149
50.789636 49 71
50.703479 300 303
50.684160 133 243
50.655413 60 172
50.640132 94 175
50.636783 11 13
50.606378 28 70
50.572548 66 121
50.568655 9 278
50.487695 268 298
50.448620 116 179
50.445594 17 232
50.442530 31 127
50.438829 17 266
50.438271 107 125
50.433416 141 298
50.414972 112 141
50.379382 64 76
50.351214 75 194
50.344757 64 85
50.339972 57 107
50.322144 55 127
50.281696 130 163
50.253893 112 268
50.249486 11 184
50.241933 243 258
50.233503 114 122
50.142551 60 112
50.113197 58 122
50.106943 65 85
50.077604 29 38
50.051310 116 122
50.044772 243 280
50.039305 9 196
50.029443 276 316
50.028832 268 316
50.026314 216 303
50.003892 5 11
49.988149 281 300
49.964103 172 249
49.942224 136 243
49.921971 144 243
49.921255 249 265
49.910429 66 116
49.906178 60 249
49.891702 18 141
49.823341 11 259
49.771392 84 101
49.765840 142 218
49.763085 72 303
49.751920 115 163
49.745356 90 293
49.736539 134 145
49.686152 32 78
49.677758 121 163
49.668845 108 237
49.668489 276 298
49.655123 72 93
49.652061 166 298
49.648288 77 115
49.642248 94 176
49.622499 251 293
49.617833 18 268
49.608596 10 258
49.591451 150 219
49.586518 70 178
49.572629 112 166
49.569804 114 178
49.565432 134 142
49.562351 144 290
49.547179 51 205
49.512940 60 81
49.489196 16 94
49.472889 269 313
49.457415 77 121
49.380110 235 243
49.370161 36 82
49.348959 133 249
49.348760 112 276
49.342145 103 303
49.316509 70 116
49.308308 13 150
49.298142 113 218
49.276049 104 142
49.270652 77 85
49.253387 47 116
49.253186 141 217
49.215413 17 75
49.192167 217 235
49.188593 104 145
49.148949 60 93
49.125894 103 293
49.124684 57 108
49.124337 72 178
49.116331 65 163
49.104740 60 141
49.037686 288 313
49.033968 25 60
49.030434 18 166
49.029039 113 205
49.027783 217 268
49.025261 75 205
49.015611 77 82
49.015409 28 122
49.008424 10 136
48.992171 17 209
48.984158 108 167
48.967899 36 175
48.954567 140 141
48.947063 64 92
48.934785 5 281
48.909143 72 293
48.900578 127 191
48.900015 166 316
48.897933 58 61
48.897651 75 287
48.891522 51 287
48.887907 49 287
48.876725 92 163
48.860610 72 131
48.851492 130 179
48.851153 3 108
48.765251 298 301
48.749014 301 316
48.740215 77 92
48.736633 37 91
48.724811 65 92
48.707386 9 251
48.698784 258 290
48.692377 4 41
48.684610 85 117
48.680256 9 177
48.673337 76 163
48.653012 48 116
48.630609 78 116
48.588362 134 262
48.587137 51 188
48.581126 141 243
48.546741 72 202
48.546328 22 126
48.529003 89 145
48.525982 107 261
48.508621 134 305
48.482617 60 298
48.481786 76 77
48.469276 85 179
48.467245 150 216
48.431099 217 276
48.429185 136 249
48.426375 249 258
48.424267 243 268
48.418999 36 176
48.409429 51 98
48.401907 249 280
48.401786 113 285
48.389891 103 187
48.379684 28 178
48.377697 101 175
48.370165 107 312
48.370009 127 266
48.369565 184 287
48.368532 9 207
48.358765 70 115
48.348712 36 83
48.340366 51 194
48.328651 121 302
48.326236 18 276
48.300298 70 302
48.293227 136 290
48.272594 7 61
48.267818 163 191
48.261676 75 188
48.247270 105 142
48.241784 51 108
48.240789 166 217
48.214484 127 225
48.210039 144 249
48.199282 107 210
48.198316 127 181
48.194467 105 145
48.190885 278 293
48.166532 43 107
48.158788 259 281
48.156604 127 232
48.135616 133 273
48.125544 115 179
48.120456 47 130
48.117275 70 85
48.088481 64 163
48.081322 104 305
48.050371 9 90
48.048782 60 288
48.029603 28 78
48.027553 142 226
48.016170 235 249
48.014706 11 20
47.995105 70 76
47.991139 85 302
47.982110 64 77
47.978488 61 82
47.972334 60 77
47.930088 65 122
47.912843 73 103
47.909504 18 301
47.892292 115 122
47.889231 145 226
47.874102 82 101
47.860023 18 107
47.856683 122 130
47.840490 135 179
47.818534 60 144
47.817676 37 82
47.794130 31 36
47.751023 107 196
47.733699 38 135
47.724597 9 159
47.694607 166 243
47.693237 121 122
47.663564 108 171
47.663331 114 161
47.659228 60 133
47.657636 22 184
47.654137 133 140
47.634232 116 161
47.632698 101 176
47.618978 134 272
47.602411 94 191
47.578476 218 272
47.576817 89 305
47.569455 20 281
47.555618 115 178
47.540237 56 94
47.532414 251 287
47.511099 219 281
47.497744 94 232
47.491178 11 262
47.476800 65 302
47.468369 122 175
47.447325 12 281
47.434657 13 281
47.412079 8 32
47.362201 243 276
47.355968 92 302
47.339244 92 117
47.335301 17 277
47.328188 75 98
47.322614 65 178
47.316450 76 302
47.307812 107 287
47.292724 5 218
47.288525 60 94
47.286666 28 161
47.262511 85 122
47.197637 84 179
47.185748 22 107
47.159278 104 272
47.151694 100 171
47.126327 105 305
47.111726 17 245
47.091492 4 64
47.091025 141 249
47.078285 9 167
47.066748 31 101
47.063548 202 218
47.057764 103 202
47.054651 125 184
47.036682 61 84
47.026841 249 268
47.021053 70 92
47.009094 38 58
46.976276 141 290
46.975760 36 75
46.969251 107 124
46.957103 49 152
46.924968 66 77
46.894878 83 101
46.892345 22 177
46.841885 53 72
46.840310 70 179
46.832780 278 303
46.831645 11 216
46.824241 41 163
46.816634 16 101
46.800573 22 174
46.796588 64 122
46.755251 60 163
46.752779 226 305
46.740728 32 186
46.725274 37 97
46.711459 243 301
46.709984 41 77
46.699792 72 122
46.669252 78 130
46.661169 89 272
46.658891 134 299
46.627697 106 293
46.622985 145 300
46.600720 218 299
46.597057 73 107
46.582047 127 138
46.579568 94 181
46.579162 76 122
46.565069 288 298
46.563296 94 266
46.553585 108 210
46.538976 77 83
46.537684 272 300
46.537156 112 288
46.535865 70 78
46.534225 82 178
46.521955 121 178
46.519642 8 121
46.499350 17 103
46.495396 11 278
46.488188 150 262
46.470826 134 202
46.446666 298 313
46.418442 49 303
46.404632 72 321
46.383666 85 178
46.373218 51 293
46.365097 65 179
46.349270 65 66
46.295229 166 249
46.253775 112 313
46.253022 92 122
46.246268 60 155
46.233541 116 186
46.221447 105 272
46.216413 60 217
46.195040 107 205
46.180174 51 189
46.178400 60 280
46.174862 216 226
46.173068 104 299
46.171853 218 292
46.167310 29 116
46.149562 7 38
46.139761 47 65
46.137937 51 149
46.089627 235 273
46.083516 12 226
46.062101 5 205
46.039202 78 121
46.010435 167 184
46.010176 64 179
46.003272 18 313
45.998572 78 115
45.996445 100 103
45.969466 112 229
45.955232 10 166
45.953472 77 117
45.943471 11 126
45.933585 60 268
45.928680 10 301
45.917629 37 42
45.913065 17 132
45.882383 76 178
45.878886 117 163
45.878532 75 189
45.872389 249 276
45.871357 78 85
45.867995 114 186
45.858103 104 262
45.832212 130 161
45.821506 288 316
45.816430 226 272
45.808044 92 178
45.805240 60 321
45.803466 4 163
45.802829 51 118
45.784242 60 74
45.773861 51 202
45.763814 64 178
45.763586 4 77
45.746421 75 293
45.729062 134 292
45.729002 9 36
45.687599 108 312
45.667456 37 176
45.657489 269 298
45.643193 202 226
45.640118 38 84
45.612918 13 60
45.601173 70 161
45.573660 140 235
45.552264 78 82
45.552168 94 138
45.549605 89 299
45.525048 51 71
45.519863 112 269
45.515996 101 191
45.508014 41 302
45.490965 184 303
45.490448 89 202
45.462545 75 94
45.445086 104 292
45.437024 28 186
45.436533 205 259
45.427498 5 285
45.422373 47 163
45.420843 105 202
45.420701 107 159
45.382471 89 262
45.377826 17 206
45.370601 65 78
45.368511 78 92
45.366535 138 178
45.343937 49 293
45.340468 66 302
45.336329 217 288
45.317767 13 205
45.280238 48 64
45.268852 105 299
45.259341 106 298
45.257316 4 179
45.247826 61 175
45.247790 249 301
45.237999 55 61
45.234733 17 49
45.210374 108 111
45.205562 115 161
45.197631 47 77
45.196297 9 229
45.186299 121 161
45.185240 17 264
45.161549 28 97
45.123915 17 87
45.103650 29 130
45.096789 66 70
45.096278 243 288
45.090235 48 65
45.077862 113 142
45.076449 262 281
45.066842 31 37
45.056808 49 53
45.053261 103 142
45.046643 85 161
45.046134 150 228
45.041520 76 78
45.040649 172 300
44.994086 251 303
44.987201 7 114
44.986328 66 117
44.975932 226 299
44.970834 107 198
44.970143 113 145
44.938342 4 70
44.931533 18 269
44.927717 218 265
44.906981 9 171
44.893709 17 287
44.880460 55 101
44.878445 36 138
44.873872 91 121
44.828057 6 293
44.827406 172 218
44.812210 94 209
44.806616 178 205
44.793091 184 293
44.782799 37 55
44.782117 101 181
44.765241 89 292
44.727320 45 293
44.724072 60 166
44.712893 58 135
44.699520 243 313
44.693048 27 49
44.685307 273 291
44.682268 6 243
44.678385 8 130
44.671609 41 122
44.668731 51 271
44.654270 75 183
44.647152 66 178
44.647011 17 30
44.627212 33 92
44.623169 105 292
44.604439 205 219
44.602804 117 302
44.602667 103 173
44.599019 41 178
44.594833 17 88
44.577667 4 302
44.575504 11 228
44.570062 92 161
44.569426 49 99
44.562678 107 187
44.552167 72 142
44.516569 66 122
44.505918 150 300
44.505053 72 318
44.494041 103 281
44.487836 134 172
44.485482 72 323
44.477471 273 288
44.447428 64 78
44.431539 259 285
44.428181 12 205
44.427076 226 292
44.423849 133 134
44.379661 60 136
44.369104 130 186
44.354688 13 17
44.344367 217 313
44.331331 134 265
44.322154 117 122
44.313931 20 205
44.310513 235 290
44.306382 76 161
44.302987 83 178
44.295966 32 135
44.286194 65 161
44.277613 47 122
44.266514 167 174
44.250705 219 285
44.239731 18 108
44.230002 61 176
44.226175 12 285
44.224857 42 114
44.216582 32 97
44.215875 104 172
44.201519 104 265
44.188646 75 118
44.121540 37 86
44.101696 55 77
44.096277 90 303
44.089859 122 176
44.086047 36 232
44.071312 20 285
44.036071 11 177
44.033851 6 9
44.009344 11 207
44.006523 94 277
44.001113 72 281
43.995691 94 245
43.990735 116 135
43.990583 5 219
43.981082 9 45
43.961579 103 285
43.958816 31 122
43.954099 16 37
43.940940 56 77
43.930218 98 196
43.910465 133 218
43.910274 36 56
43.892362 117 179
43.839423 113 305
43.835684 243 269
43.831861 228 281
43.807279 72 285
43.790635 38 60
43.778575 38 82
43.776388 114 135
43.764545 103 169
43.734164 249 288
43.732044 222 293
43.711189 107 303
43.699121 72 77
43.694401 47 179
43.687075 36 225
43.678238 104 133
43.673809 121 186
43.662787 93 103
43.659243 31 61
43.656677 178 293
43.649324 140 291
43.644619 36 209
43.642364 218 280
