-0.001210 137 325
-0.001343 322 325
-0.001716 315 325
-0.001746 308 325
-0.001790 307 325
-0.002591 319 325
-0.002646 190 325
-0.002779 278 325
-0.002790 69 325
-0.002849 137 289
-0.002983 234 325
-0.003073 34 325
-0.003173 289 315
-0.003206 295 325
-0.003339 165 325
-0.003378 270 325
-0.003423 325 327
-0.003464 129 137
-0.003498 282 325
-0.003504 46 325
-0.003662 289 322
-0.003662 273 325
-0.003668 289 319
-0.003674 157 325
-0.003689 137 324
-0.003877 44 325
-0.003966 140 325
-0.004216 19 325
-0.004372 137 309
-0.004378 253 325
-0.004389 257 325
-0.004430 164 325
-0.004496 254 325
-0.004617 289 308
-0.004699 289 307
-0.004743 208 325
-0.004785 291 325
-0.004848 311 325
-0.004855 119 325
-0.004864 212 325
-0.004873 200 325
-0.004932 234 289
-0.004960 160 325
-0.004973 110 137
-0.005106 190 289
-0.005125 69 240
-0.005153 129 307
-0.005157 151 325
-0.005273 136 325
-0.005285 129 322
-0.005287 137 284
-0.005289 110 315
-0.005309 69 289
-0.005327 313 325
-0.005364 129 315
-0.005383 168 325
-0.005393 300 325
-0.005428 276 325
-0.005483 143 325
-0.005485 297 325
-0.005579 68 325
-0.005626 294 325
-0.005626 110 322
-0.005676 255 325
-0.005691 280 325
-0.005743 304 325
-0.005761 40 325
-0.005762 156 325
-0.005820 269 325
-0.005835 278 289
-0.005850 137 221
-0.005926 39 325
-0.005926 137 241
-0.005947 309 322
-0.005955 240 270
-0.005975 34 289
-0.006042 284 315
-0.006053 322 324
-0.006062 272 325
-0.006069 284 322
-0.006078 290 325
-0.006090 268 325
-0.006100 106 325
-0.006161 240 327
-0.006281 3 137
-0.006292 137 327
-0.006301 110 307
-0.006309 315 324
-0.006328 137 182
-0.006331 251 325
-0.006331 95 325
-0.006336 309 319
-0.006350 309 315
-0.006367 137 246
-0.006376 270 289
-0.006376 305 325
-0.006435 172 325
-0.006442 204 289
-0.006459 241 322
-0.006469 158 325
-0.006516 160 289
-0.006535 307 324
-0.006544 242 325
-0.006544 240 308
-0.006544 204 325
-0.006661 234 240
-0.006672 35 325
-0.006678 111 137
-0.006712 90 325
-0.006720 124 137
-0.006758 86 137
-0.006807 137 193
-0.006843 137 206
-0.006862 190 240
-0.006872 57 137
-0.006879 282 289
-0.006894 132 137
-0.006900 69 137
-0.006905 129 278
-0.006923 165 240
-0.006937 110 278
-0.006965 110 234
-0.007053 284 307
-0.007101 10 325
-0.007114 123 137
-0.007168 97 137
-0.007181 224 325
-0.007228 120 325
-0.007270 79 137
-0.007285 144 325
-0.007352 124 322
-0.007449 307 309
-0.007462 137 236
-0.007467 164 289
-0.007492 137 237
-0.007517 246 322
-0.007523 45 325
-0.007546 111 315
-0.007557 241 307
-0.007591 12 325
-0.007595 308 319
-0.007597 119 289
-0.007614 157 289
-0.007624 289 327
-0.007633 150 325
-0.007634 182 322
-0.007665 285 325
-0.007669 319 324
-0.007676 315 327
-0.007678 111 322
-0.007711 153 325
-0.007725 50 325
-0.007767 34 240
-0.007777 143 289
-0.007837 154 325
-0.007839 260 289
-0.007847 69 110
-0.007880 260 325
-0.007884 165 289
-0.007892 240 319
-0.007918 221 322
-0.007918 242 289
-0.007954 57 322
-0.007955 273 289
-0.007970 42 137
-0.007981 278 284
-0.007994 137 238
-0.007997 283 325
-0.008000 89 325
-0.008002 123 322
-0.008033 137 210
-0.008034 151 289
-0.008044 164 240
-0.008058 241 315
-0.008111 314 325
-0.008122 28 137
-0.008123 289 311
-0.008125 289 304
-0.008130 1 325
-0.008170 137 220
-0.008187 15 137
-0.008189 240 242
-0.008237 236 322
-0.008250 54 289
-0.008269 182 315
-0.008275 141 325
-0.008288 110 190
-0.008292 278 324
-0.008302 129 308
-0.008315 253 289
-0.008321 208 289
-0.008323 246 315
-0.008336 3 307
-0.008381 14 69
-0.008393 275 325
-0.008415 34 110
-0.008441 246 307
-0.008462 92 137
-0.008486 193 322
-0.008521 234 284
-0.008524 110 270
-0.008525 30 137
-0.008530 289 295
-0.008575 240 260
-0.008576 110 273
-0.008579 137 270
-0.008596 254 289
-0.008614 69 284
-0.008621 3 322
-0.008623 124 307
-0.008655 129 273
-0.008680 7 137
-0.008691 168 289
-0.008697 109 325
-0.008703 236 315
-0.008703 238 315
-0.008710 248 325
-0.008717 241 278
-0.008729 237 315
-0.008777 203 325
-0.008783 140 289
-0.008793 85 137
-0.008814 123 307
-0.008829 157 240
-0.008833 137 225
-0.008839 307 327
-0.008901 69 307
-0.008905 110 140
-0.008914 206 322
-0.008936 132 322
-0.008940 111 307
-0.008965 69 309
-0.008967 50 240
-0.008990 265 325
-0.009017 121 137
-0.009019 238 322
-0.009021 137 267
-0.009041 270 284
-0.009045 15 322
-0.009050 325 326
-0.009060 221 315
-0.009066 4 137
-0.009075 234 241
-0.009128 200 289
-0.009128 257 289
-0.009132 190 324
-0.009172 204 240
-0.009185 278 309
-0.009199 111 278
-0.009200 283 289
-0.009202 14 234
-0.009210 153 289
-0.009241 129 140
-0.009282 160 324
-0.009284 123 315
-0.009294 190 284
-0.009299 128 325
-0.009303 110 282
-0.009305 14 270
-0.009310 160 240
-0.009317 124 315
-0.009321 215 325
-0.009322 110 165
-0.009341 44 327
-0.009358 79 322
-0.009358 190 309
-0.009389 110 157
-0.009395 110 308
-0.009401 234 236
-0.009403 137 308
-0.009416 147 325
-0.009418 110 160
-0.009457 237 322
-0.009466 316 325
-0.009484 156 289
-0.009493 57 319
-0.009507 40 137
-0.009527 119 240
-0.009542 274 325
-0.009545 308 327
-0.009548 190 241
-0.009552 15 69
-0.009583 15 270
-0.009599 86 307
-0.009612 2 325
-0.009627 57 315
-0.009629 137 247
-0.009632 50 289
-0.009659 273 324
-0.009688 69 236
-0.009699 44 260
-0.009726 91 137
-0.009759 193 315
-0.009761 137 151
-0.009772 240 254
-0.009773 76 137
-0.009786 68 137
-0.009793 289 291
-0.009808 221 307
-0.009808 151 240
-0.009817 97 322
-0.009818 3 315
-0.009822 86 322
-0.009822 190 236
-0.009854 14 190
-0.009857 14 34
-0.009880 48 137
-0.009883 54 325
-0.009891 26 325
-0.009899 137 179
-0.009902 29 137
-0.009930 206 315
-0.009934 273 284
-0.009936 110 295
-0.009947 124 278
-0.009965 68 240
-0.009971 137 191
-0.009996 69 241
-0.010000 284 308
-0.010000 110 257
-0.010008 267 322
-0.010009 46 110
-0.010012 244 325
-0.010029 44 190
-0.010035 223 325
-0.010040 236 307
-0.010044 221 319
-0.010049 157 284
-0.010053 322 327
-0.010056 129 295
-0.010057 241 270
-0.010058 7 319
-0.010059 87 137
-0.010067 200 240
-0.010070 246 278
-0.010075 166 325
-0.010081 46 327
-0.010086 110 253
-0.010093 293 325
-0.010108 69 324
-0.010117 279 325
-0.010118 3 295
-0.010126 68 289
-0.010130 236 270
-0.010131 130 137
-0.010140 289 294
-0.010141 164 309
-0.010141 295 327
-0.010160 110 242
-0.010169 289 314
-0.010181 237 307
-0.010197 146 325
-0.010199 137 252
-0.010199 30 322
-0.010200 168 240
-0.010202 288 325
-0.010209 14 157
-0.010247 57 69
-0.010249 69 192
-0.010254 33 137
-0.010260 97 307
-0.010264 260 295
-0.010281 47 137
-0.010286 216 325
-0.010292 46 289
-0.010301 140 284
-0.010310 234 309
-0.010312 210 319
-0.010351 137 165
-0.010365 79 315
-0.010421 156 240
-0.010421 137 245
-0.010421 34 284
-0.010434 289 310
-0.010457 14 308
-0.010466 69 124
-0.010472 220 322
-0.010475 44 319
-0.010479 15 315
-0.010483 137 266
-0.010483 1 289
-0.010494 160 284
-0.010511 7 69
-0.010536 241 273
-0.010549 221 278
-0.010560 69 315
-0.010560 237 278
-0.010560 182 307
-0.010564 211 325
-0.010574 123 278
-0.010591 255 289
-0.010604 129 319
-0.010612 54 240
-0.010630 140 324
-0.010635 238 307
-0.010638 119 137
-0.010647 276 289
-0.010657 110 254
-0.010657 143 240
-0.010658 273 309
-0.010661 182 319
-0.010671 15 190
-0.010673 160 309
-0.010675 110 291
-0.010679 3 46
-0.010680 324 327
-0.010689 34 241
-0.010697 19 327
-0.010702 160 241
-0.010708 267 307
-0.010716 282 284
-0.010728 165 284
-0.010739 137 162
-0.010743 260 324
-0.010743 96 137
-0.010751 86 315
-0.010751 299 325
-0.010760 291 324
-0.010769 230 325
-0.010772 132 315
-0.010775 142 325
-0.010788 86 295
-0.010806 197 327
-0.010814 225 322
-0.010815 28 307
-0.010822 129 190
-0.010826 64 137
-0.010840 57 307
-0.010860 240 274
-0.010861 44 274
-0.010867 116 137
-0.010870 14 282
-0.010893 193 307
-0.010899 236 278
-0.010930 281 325
-0.010938 274 295
-0.010945 137 232
-0.010955 14 151
-0.010957 110 311
-0.010984 289 300
-0.010985 42 319
-0.010997 14 165
-0.011001 206 319
-0.011004 274 289
-0.011009 246 308
-0.011016 15 157
-0.011022 23 325
-0.011023 157 241
-0.011026 129 165
-0.011028 42 322
-0.011031 241 282
-0.011032 202 325
-0.011038 240 304
-0.011053 158 289
-0.011053 69 295
-0.011059 136 289
-0.011059 190 295
-0.011065 214 325
-0.011071 234 238
-0.011074 102 325
-0.011081 289 297
-0.011093 25 325
-0.011094 7 307
-0.011095 34 236
-0.011103 40 240
-0.011115 46 86
-0.011121 69 197
-0.011126 42 307
-0.011133 120 289
-0.011136 44 110
-0.011141 160 236
-0.011144 157 236
-0.011144 309 327
-0.011145 44 69
-0.011147 110 294
-0.011154 270 307
-0.011156 69 221
-0.011157 44 289
-0.011167 88 137
-0.011176 110 276
-0.011183 92 322
-0.011186 280 289
-0.011201 304 324
-0.011204 74 325
-0.011209 114 137
-0.011219 129 291
-0.011228 129 160
-0.011229 44 129
-0.011237 110 136
-0.011254 14 253
-0.011272 252 315
-0.011278 109 289
-0.011279 144 289
-0.011295 110 208
-0.011335 69 278
-0.011363 7 165
-0.011363 206 307
-0.011364 46 129
-0.011365 24 137
-0.011367 52 325
-0.011372 225 315
-0.011381 15 307
-0.011391 269 289
-0.011394 7 322
-0.011400 270 324
-0.011418 129 276
-0.011418 110 119
-0.011454 95 289
-0.011457 254 284
-0.011501 3 278
-0.011514 111 273
-0.011523 69 238
-0.011526 86 319
-0.011529 165 236
-0.011532 242 309
-0.011535 298 325
-0.011536 15 165
-0.011544 110 164
-0.011545 121 307
-0.011547 197 325
-0.011547 111 234
-0.011579 162 289
-0.011586 238 278
-0.011595 210 322
-0.011599 69 129
-0.011602 268 289
-0.011602 15 234
-0.011612 238 270
-0.011620 42 69
-0.011626 19 289
-0.011627 96 325
-0.011631 43 137
-0.011634 57 278
-0.011637 128 289
-0.011647 284 319
-0.011649 97 295
-0.011649 34 111
-0.011649 14 143
-0.011649 278 327
-0.011654 57 190
-0.011657 180 289
-0.011662 253 284
-0.011668 123 234
-0.011669 185 325
-0.011679 151 295
-0.011688 137 154
-0.011693 140 241
-0.011698 110 319
-0.011702 124 273
-0.011716 295 319
-0.011717 79 307
-0.011726 28 322
-0.011740 240 253
-0.011741 165 241
-0.011756 129 136
-0.011768 190 221
-0.011773 44 164
-0.011775 225 307
-0.011783 7 315
-0.011786 111 140
-0.011793 110 268
-0.011795 236 282
-0.011797 34 246
-0.011800 54 110
-0.011801 110 269
-0.011804 284 291
-0.011805 97 315
-0.011806 252 322
-0.011809 164 197
-0.011811 203 289
-0.011825 55 137
-0.011828 92 307
-0.011829 124 270
-0.011840 69 86
-0.011841 132 307
-0.011845 110 280
-0.011847 44 151
-0.011864 242 284
-0.011867 19 260
-0.011868 69 206
-0.011883 208 240
-0.011888 206 278
-0.011895 182 278
-0.011897 129 280
-0.011939 306 325
-0.011940 145 325
-0.011943 110 143
-0.011944 14 164
-0.011958 7 295
-0.011970 26 289
-0.011976 172 289
-0.011982 14 160
-0.011989 85 307
-0.011997 318 325
-0.012001 241 319
-0.012002 86 278
-0.012005 151 284
-0.012020 44 162
-0.012023 304 309
-0.012035 289 313
-0.012037 204 319
-0.012039 270 309
-0.012054 137 168
-0.012057 34 309
-0.012059 27 325
-0.012067 224 327
-0.012071 300 324
-0.012072 110 144
-0.012073 110 272
-0.012078 31 137
-0.012086 14 319
-0.012098 110 151
-0.012101 165 309
-0.012104 323 325
-0.012117 15 164
-0.012124 69 224
-0.012126 3 44
-0.012135 257 284
-0.012140 140 309
-0.012141 280 324
-0.012148 276 324
-0.012149 56 137
-0.012162 7 270
-0.012173 10 289
-0.012179 39 110
-0.012184 15 278
-0.012186 137 143
-0.012188 14 242
-0.012199 165 238
-0.012201 124 234
-0.012216 192 315
-0.012217 152 325
-0.012225 46 97
-0.012234 260 309
-0.012239 34 129
-0.012240 124 190
-0.012243 240 283
-0.012250 124 140
-0.012257 182 190
-0.012260 180 325
-0.012261 14 254
-0.012268 275 289
-0.012268 19 129
-0.012271 164 236
-0.012288 19 274
-0.012289 247 322
-0.012296 35 289
-0.012298 192 319
-0.012300 44 86
-0.012300 87 322
-0.012315 219 325
-0.012321 240 282
-0.012323 247 307
-0.012329 30 315
-0.012330 85 322
-0.012334 266 322
-0.012340 267 278
-0.012350 110 204
-0.012363 143 284
-0.012366 50 137
-0.012373 7 46
-0.012374 165 324
-0.012378 15 319
-0.012379 137 164
-0.012383 241 242
-0.012390 57 164
-0.012397 291 309
-0.012405 295 324
-0.012410 21 325
-0.012410 204 327
-0.012411 34 238
-0.012414 164 241
-0.012419 276 284
-0.012419 79 278
-0.012425 46 319
-0.012430 272 289
-0.012434 3 273
-0.012434 225 278
-0.012447 19 69
-0.012455 46 260
-0.012461 210 307
-0.012463 240 315
-0.012464 110 290
-0.012469 124 157
-0.012469 3 319
-0.012471 46 190
-0.012474 151 309
-0.012494 241 291
-0.012506 190 246
-0.012507 95 110
-0.012524 92 315
-0.012524 221 273
-0.012527 2 289
-0.012536 240 294
-0.012546 197 260
-0.012546 110 168
-0.012550 137 192
-0.012551 48 307
-0.012551 15 34
-0.012552 68 309
-0.012574 15 160
-0.012575 69 306
-0.012594 137 260
-0.012597 141 289
-0.012599 124 165
-0.012600 34 124
-0.012601 121 322
-0.012602 164 284
-0.012604 3 19
-0.012622 28 315
-0.012627 241 253
-0.012629 110 172
-0.012632 14 322
-0.012632 197 319
-0.012639 144 324
-0.012641 110 255
-0.012646 193 278
-0.012651 132 319
-0.012654 19 86
-0.012655 30 319
-0.012668 132 278
-0.012674 119 284
-0.012675 69 322
-0.012677 110 305
-0.012681 76 307
-0.012686 241 257
-0.012688 14 257
-0.012690 14 119
-0.012694 46 69
-0.012700 57 160
-0.012701 110 200
-0.012702 197 270
-0.012706 232 322
-0.012707 7 119
-0.012709 137 198
-0.012739 121 315
-0.012752 321 325
-0.012752 14 327
-0.012762 208 284
-0.012772 87 307
-0.012777 69 182
-0.012778 136 284
-0.012779 48 319
-0.012783 92 319
-0.012786 190 192
-0.012797 310 325
-0.012808 158 240
-0.012813 33 307
-0.012825 162 295
-0.012826 14 208
-0.012829 234 246
-0.012831 182 234
-0.012832 162 307
-0.012842 14 46
-0.012844 6 325
-0.012848 129 144
-0.012854 124 282
-0.012861 303 325
-0.012863 111 282
-0.012873 247 315
-0.012882 97 278
-0.012899 164 295
-0.012902 136 324
-0.012905 267 315
-0.012906 276 309
-0.012907 220 315
-0.012911 69 286
-0.012927 123 140
-0.012934 130 307
-0.012935 97 319
-0.012935 160 221
-0.012937 284 294
-0.012941 218 325
-0.012943 240 257
-0.012947 236 319
-0.012953 207 325
-0.012958 88 315
-0.012968 288 289
-0.012980 246 282
-0.012982 164 324
-0.012984 269 284
-0.012992 7 164
-0.012996 104 325
-0.013001 4 307
-0.013013 69 106
-0.013017 280 284
-0.013025 215 289
-0.013036 96 240
-0.013036 241 308
-0.013037 192 270
-0.013040 192 322
-0.013041 274 324
-0.013042 129 260
-0.013045 129 268
-0.013060 7 190
-0.013062 15 308
-0.013065 62 289
-0.013069 140 237
-0.013084 237 273
-0.013090 19 164
-0.013094 164 192
-0.013094 162 197
-0.013104 7 34
-0.013114 134 325
-0.013119 236 242
-0.013120 4 322
-0.013122 14 200
-0.013135 42 315
-0.013158 246 273
-0.013165 268 284
-0.013170 39 284
-0.013176 33 315
-0.013177 193 319
-0.013184 113 325
-0.013187 3 308
-0.013193 14 294
-0.013195 247 278
-0.013207 123 270
-0.013208 248 289
-0.013218 240 295
-0.013219 160 182
-0.013228 110 313
-0.013232 35 110
-0.013240 40 110
-0.013247 46 274
-0.013248 69 123
-0.013248 15 119
-0.013252 69 175
-0.013253 234 237
-0.013259 153 284
-0.013266 47 307
-0.013267 230 327
-0.013269 129 313
-0.013275 136 241
-0.013281 245 307
-0.013282 42 295
-0.013287 14 168
-0.013293 57 270
-0.013295 270 315
-0.013299 157 238
-0.013328 220 307
-0.013332 124 295
-0.013334 306 327
-0.013345 130 322
-0.013347 245 322
-0.013351 121 295
-0.013352 110 158
-0.013352 15 151
-0.013358 179 322
-0.013359 241 276
-0.013363 284 311
-0.013367 144 284
-0.013377 106 327
-0.013383 33 322
-0.013383 284 327
-0.013385 14 39
-0.013388 252 307
-0.013393 68 307
-0.013398 3 140
-0.013401 54 284
-0.013402 164 307
-0.013405 7 160
-0.013415 190 238
-0.013416 200 284
-0.013417 19 110
-0.013417 69 92
-0.013419 284 295
-0.013428 44 270
-0.013430 193 234
-0.013433 182 327
-0.013434 232 307
-0.013435 40 289
-0.013440 26 137
-0.013444 56 315
-0.013444 86 273
-0.013446 48 69
-0.013449 69 210
-0.013454 85 315
-0.013456 190 197
-0.013467 48 322
-0.013468 238 308
-0.013470 88 322
-0.013485 164 221
-0.013486 121 319
-0.013488 57 273
-0.013496 46 124
-0.013504 129 270
-0.013505 240 311
-0.013506 279 289
-0.013519 119 241
-0.013529 7 234
-0.013536 50 110
-0.013541 14 295
-0.013543 57 165
-0.013545 109 284
-0.013545 4 319
-0.013547 56 322
-0.013549 241 254
-0.013552 157 309
-0.013553 210 315
-0.013558 162 325
-0.013579 129 234
-0.013581 14 109
-0.013583 190 206
-0.013590 151 236
-0.013594 124 319
-0.013603 240 314
-0.013608 111 291
-0.013611 140 221
-0.013614 124 160
-0.013615 270 295
-0.013618 165 307
-0.013619 140 238
-0.013621 241 311
-0.013629 289 305
-0.013639 168 284
-0.013647 15 282
-0.013654 284 290
-0.013659 19 319
-0.013670 280 309
-0.013674 129 304
-0.013679 120 240
-0.013684 102 289
-0.013689 237 295
-0.013693 110 297
-0.013707 144 309
-0.013715 190 308
-0.013717 289 290
-0.013720 123 308
-0.013720 46 121
-0.013736 151 241
-0.013739 283 309
-0.013747 14 68
-0.013749 236 273
-0.013751 137 277
-0.013754 2 137
-0.013755 220 319
-0.013757 87 315
-0.013773 27 289
-0.013775 46 111
-0.013776 109 240
-0.013776 320 325
-0.013777 151 307
-0.013779 111 295
-0.013781 236 254
-0.013782 234 286
-0.013782 182 273
-0.013796 236 308
-0.013797 28 295
-0.013798 30 307
-0.013813 29 307
-0.013816 227 325
-0.013829 42 46
-0.013830 96 307
-0.013831 137 186
-0.013834 95 240
-0.013837 67 325
-0.013840 241 280
-0.013846 129 212
-0.013856 272 284
-0.013859 28 278
-0.013862 7 96
-0.013867 47 322
-0.013876 3 34
-0.013882 137 138
-0.013882 19 190
-0.013882 238 273
-0.013893 68 110
-0.013896 44 97
-0.013899 47 315
-0.013902 111 276
-0.013904 123 282
-0.013911 69 290
-0.013917 30 69
-0.013928 64 307
-0.013928 34 286
-0.013935 52 289
-0.013937 123 295
-0.013944 119 236
-0.013946 111 136
-0.013954 144 241
-0.013955 4 69
-0.013958 110 153
-0.013964 57 327
-0.013965 123 273
-0.013974 29 322
-0.013978 130 319
-0.013980 69 132
-0.013982 137 176
-0.013983 110 203
-0.013987 168 241
-0.013988 289 318
-0.014001 180 240
-0.014001 34 237
-0.014006 46 237
-0.014008 124 253
-0.014011 42 270
-0.014011 197 274
-0.014015 217 325
-0.014015 34 182
